DELFT DU84-132V3 AIRFOIL (MEASURED)
       49.       49.


0.000000  0.000000
  0.002280  -.005470
  0.006830  -.011850
  0.015950  -.016700
  0.025060  -.020050
  0.034170  -.022780
  0.043280  -.024400
  0.066060  -.028800
  0.088840  -.031890
  0.111620  -.034620
  0.134400  -.036200
  0.157180  -.037360
  0.179950  -.038400
  0.202730  -.039180
  0.225510  -.039400
  0.248290  -.039600
  0.271070  -.039600
  0.293850  -.039500
  0.316630  -.039300
  0.339410  -.038900
  0.362190  -.038270
  0.384970  -.037360
  0.407740  -.036450
  0.430520  -.035540
  0.453300  -.034620
  0.476080  -.033710
  0.498860  -.032500
  0.521640  -.031200
  0.544420  -.030000
  0.567200  -.028400
  0.589980  -.026900
  0.612760  -.025100
  0.635540  -.022900
  0.658310  -.020500
  0.681090  -.017500
  0.703870  -.014400
  0.726650  -.010930
  0.749430  -.007290
  0.772210  -.003640
  0.794990  0.000000
  0.817770  0.002730
  0.840550  0.004560
  0.863330  0.005470
  0.886100  0.005470
  0.908880  0.005470
  0.931660  0.004800
  0.954440  0.003640
  0.977220  0.001800
  1.000000  0.000000

